{
 "cells": [
  {
   "cell_type": "markdown",
   "metadata": {},
   "source": [
    "2. For the data frame produced by SS02-02.ipynb, write a\n",
    "code that computes correlation coefficient for any two given columns.\n",
    "Then make a matrix that includes the coefficients. \n",
    "Note that each element presents correlation coefficient of two columns, so the matrix is symmetric.\n",
    "\n",
    "input: \n",
    "    relative path to UN_cleaned.csv (string)\n",
    "output:\n",
    "    correlation matrix"
   ]
  },
  {
   "cell_type": "code",
   "execution_count": 15,
   "metadata": {},
   "outputs": [
    {
     "data": {
      "text/html": [
       "<div>\n",
       "<style scoped>\n",
       "    .dataframe tbody tr th:only-of-type {\n",
       "        vertical-align: middle;\n",
       "    }\n",
       "\n",
       "    .dataframe tbody tr th {\n",
       "        vertical-align: top;\n",
       "    }\n",
       "\n",
       "    .dataframe thead th {\n",
       "        text-align: right;\n",
       "    }\n",
       "</style>\n",
       "<table border=\"1\" class=\"dataframe\">\n",
       "  <thead>\n",
       "    <tr style=\"text-align: right;\">\n",
       "      <th></th>\n",
       "      <th>Year</th>\n",
       "      <th>internetusage</th>\n",
       "      <th>CPIG</th>\n",
       "      <th>CPIF</th>\n",
       "      <th>Imports</th>\n",
       "      <th>Exports</th>\n",
       "      <th>homicide</th>\n",
       "      <th>migrants</th>\n",
       "      <th>GDP</th>\n",
       "      <th>PPP</th>\n",
       "      <th>tourexp</th>\n",
       "      <th>tvarrival</th>\n",
       "      <th>education</th>\n",
       "      <th>Manufacturing</th>\n",
       "    </tr>\n",
       "  </thead>\n",
       "  <tbody>\n",
       "    <tr>\n",
       "      <th>Year</th>\n",
       "      <td>NaN</td>\n",
       "      <td>NaN</td>\n",
       "      <td>NaN</td>\n",
       "      <td>NaN</td>\n",
       "      <td>NaN</td>\n",
       "      <td>NaN</td>\n",
       "      <td>NaN</td>\n",
       "      <td>NaN</td>\n",
       "      <td>NaN</td>\n",
       "      <td>NaN</td>\n",
       "      <td>NaN</td>\n",
       "      <td>NaN</td>\n",
       "      <td>NaN</td>\n",
       "      <td>NaN</td>\n",
       "    </tr>\n",
       "    <tr>\n",
       "      <th>internetusage</th>\n",
       "      <td>NaN</td>\n",
       "      <td>1.000000</td>\n",
       "      <td>-0.017049</td>\n",
       "      <td>0.040803</td>\n",
       "      <td>0.474027</td>\n",
       "      <td>0.462157</td>\n",
       "      <td>-0.502563</td>\n",
       "      <td>0.578172</td>\n",
       "      <td>0.414418</td>\n",
       "      <td>0.836337</td>\n",
       "      <td>0.487261</td>\n",
       "      <td>0.385972</td>\n",
       "      <td>-0.469857</td>\n",
       "      <td>-0.283020</td>\n",
       "    </tr>\n",
       "    <tr>\n",
       "      <th>CPIG</th>\n",
       "      <td>NaN</td>\n",
       "      <td>-0.017049</td>\n",
       "      <td>1.000000</td>\n",
       "      <td>0.111846</td>\n",
       "      <td>-0.052097</td>\n",
       "      <td>-0.041093</td>\n",
       "      <td>-0.043757</td>\n",
       "      <td>-0.102528</td>\n",
       "      <td>-0.046587</td>\n",
       "      <td>-0.053670</td>\n",
       "      <td>-0.081185</td>\n",
       "      <td>-0.065935</td>\n",
       "      <td>0.096576</td>\n",
       "      <td>-0.035855</td>\n",
       "    </tr>\n",
       "    <tr>\n",
       "      <th>CPIF</th>\n",
       "      <td>NaN</td>\n",
       "      <td>0.040803</td>\n",
       "      <td>0.111846</td>\n",
       "      <td>1.000000</td>\n",
       "      <td>-0.085458</td>\n",
       "      <td>-0.085728</td>\n",
       "      <td>-0.081821</td>\n",
       "      <td>0.045583</td>\n",
       "      <td>-0.080717</td>\n",
       "      <td>-0.053968</td>\n",
       "      <td>-0.033591</td>\n",
       "      <td>-0.013509</td>\n",
       "      <td>-0.163888</td>\n",
       "      <td>-0.086743</td>\n",
       "    </tr>\n",
       "    <tr>\n",
       "      <th>Imports</th>\n",
       "      <td>NaN</td>\n",
       "      <td>0.474027</td>\n",
       "      <td>-0.052097</td>\n",
       "      <td>-0.085458</td>\n",
       "      <td>1.000000</td>\n",
       "      <td>0.975162</td>\n",
       "      <td>-0.188061</td>\n",
       "      <td>0.356643</td>\n",
       "      <td>0.893041</td>\n",
       "      <td>0.430063</td>\n",
       "      <td>0.864155</td>\n",
       "      <td>0.727533</td>\n",
       "      <td>-0.228509</td>\n",
       "      <td>-0.211489</td>\n",
       "    </tr>\n",
       "    <tr>\n",
       "      <th>Exports</th>\n",
       "      <td>NaN</td>\n",
       "      <td>0.462157</td>\n",
       "      <td>-0.041093</td>\n",
       "      <td>-0.085728</td>\n",
       "      <td>0.975162</td>\n",
       "      <td>1.000000</td>\n",
       "      <td>-0.176333</td>\n",
       "      <td>0.349731</td>\n",
       "      <td>0.853195</td>\n",
       "      <td>0.438320</td>\n",
       "      <td>0.793808</td>\n",
       "      <td>0.635609</td>\n",
       "      <td>-0.216214</td>\n",
       "      <td>-0.162209</td>\n",
       "    </tr>\n",
       "    <tr>\n",
       "      <th>homicide</th>\n",
       "      <td>NaN</td>\n",
       "      <td>-0.502563</td>\n",
       "      <td>-0.043757</td>\n",
       "      <td>-0.081821</td>\n",
       "      <td>-0.188061</td>\n",
       "      <td>-0.176333</td>\n",
       "      <td>1.000000</td>\n",
       "      <td>-0.418332</td>\n",
       "      <td>-0.051735</td>\n",
       "      <td>-0.432122</td>\n",
       "      <td>-0.259849</td>\n",
       "      <td>-0.198114</td>\n",
       "      <td>0.342986</td>\n",
       "      <td>0.043950</td>\n",
       "    </tr>\n",
       "    <tr>\n",
       "      <th>migrants</th>\n",
       "      <td>NaN</td>\n",
       "      <td>0.578172</td>\n",
       "      <td>-0.102528</td>\n",
       "      <td>0.045583</td>\n",
       "      <td>0.356643</td>\n",
       "      <td>0.349731</td>\n",
       "      <td>-0.418332</td>\n",
       "      <td>1.000000</td>\n",
       "      <td>0.156274</td>\n",
       "      <td>0.640256</td>\n",
       "      <td>0.386103</td>\n",
       "      <td>0.207834</td>\n",
       "      <td>-0.090550</td>\n",
       "      <td>-0.134870</td>\n",
       "    </tr>\n",
       "    <tr>\n",
       "      <th>GDP</th>\n",
       "      <td>NaN</td>\n",
       "      <td>0.414418</td>\n",
       "      <td>-0.046587</td>\n",
       "      <td>-0.080717</td>\n",
       "      <td>0.893041</td>\n",
       "      <td>0.853195</td>\n",
       "      <td>-0.051735</td>\n",
       "      <td>0.156274</td>\n",
       "      <td>1.000000</td>\n",
       "      <td>0.404330</td>\n",
       "      <td>0.819502</td>\n",
       "      <td>0.718450</td>\n",
       "      <td>-0.282496</td>\n",
       "      <td>-0.257085</td>\n",
       "    </tr>\n",
       "    <tr>\n",
       "      <th>PPP</th>\n",
       "      <td>NaN</td>\n",
       "      <td>0.836337</td>\n",
       "      <td>-0.053670</td>\n",
       "      <td>-0.053968</td>\n",
       "      <td>0.430063</td>\n",
       "      <td>0.438320</td>\n",
       "      <td>-0.432122</td>\n",
       "      <td>0.640256</td>\n",
       "      <td>0.404330</td>\n",
       "      <td>1.000000</td>\n",
       "      <td>0.467157</td>\n",
       "      <td>0.328734</td>\n",
       "      <td>-0.274206</td>\n",
       "      <td>-0.216464</td>\n",
       "    </tr>\n",
       "    <tr>\n",
       "      <th>tourexp</th>\n",
       "      <td>NaN</td>\n",
       "      <td>0.487261</td>\n",
       "      <td>-0.081185</td>\n",
       "      <td>-0.033591</td>\n",
       "      <td>0.864155</td>\n",
       "      <td>0.793808</td>\n",
       "      <td>-0.259849</td>\n",
       "      <td>0.386103</td>\n",
       "      <td>0.819502</td>\n",
       "      <td>0.467157</td>\n",
       "      <td>1.000000</td>\n",
       "      <td>0.897672</td>\n",
       "      <td>-0.280552</td>\n",
       "      <td>-0.306753</td>\n",
       "    </tr>\n",
       "    <tr>\n",
       "      <th>tvarrival</th>\n",
       "      <td>NaN</td>\n",
       "      <td>0.385972</td>\n",
       "      <td>-0.065935</td>\n",
       "      <td>-0.013509</td>\n",
       "      <td>0.727533</td>\n",
       "      <td>0.635609</td>\n",
       "      <td>-0.198114</td>\n",
       "      <td>0.207834</td>\n",
       "      <td>0.718450</td>\n",
       "      <td>0.328734</td>\n",
       "      <td>0.897672</td>\n",
       "      <td>1.000000</td>\n",
       "      <td>-0.265628</td>\n",
       "      <td>-0.318968</td>\n",
       "    </tr>\n",
       "    <tr>\n",
       "      <th>education</th>\n",
       "      <td>NaN</td>\n",
       "      <td>-0.469857</td>\n",
       "      <td>0.096576</td>\n",
       "      <td>-0.163888</td>\n",
       "      <td>-0.228509</td>\n",
       "      <td>-0.216214</td>\n",
       "      <td>0.342986</td>\n",
       "      <td>-0.090550</td>\n",
       "      <td>-0.282496</td>\n",
       "      <td>-0.274206</td>\n",
       "      <td>-0.280552</td>\n",
       "      <td>-0.265628</td>\n",
       "      <td>1.000000</td>\n",
       "      <td>0.150901</td>\n",
       "    </tr>\n",
       "    <tr>\n",
       "      <th>Manufacturing</th>\n",
       "      <td>NaN</td>\n",
       "      <td>-0.283020</td>\n",
       "      <td>-0.035855</td>\n",
       "      <td>-0.086743</td>\n",
       "      <td>-0.211489</td>\n",
       "      <td>-0.162209</td>\n",
       "      <td>0.043950</td>\n",
       "      <td>-0.134870</td>\n",
       "      <td>-0.257085</td>\n",
       "      <td>-0.216464</td>\n",
       "      <td>-0.306753</td>\n",
       "      <td>-0.318968</td>\n",
       "      <td>0.150901</td>\n",
       "      <td>1.000000</td>\n",
       "    </tr>\n",
       "  </tbody>\n",
       "</table>\n",
       "</div>"
      ],
      "text/plain": [
       "               Year  internetusage      CPIG      CPIF   Imports   Exports  \\\n",
       "Year            NaN            NaN       NaN       NaN       NaN       NaN   \n",
       "internetusage   NaN       1.000000 -0.017049  0.040803  0.474027  0.462157   \n",
       "CPIG            NaN      -0.017049  1.000000  0.111846 -0.052097 -0.041093   \n",
       "CPIF            NaN       0.040803  0.111846  1.000000 -0.085458 -0.085728   \n",
       "Imports         NaN       0.474027 -0.052097 -0.085458  1.000000  0.975162   \n",
       "Exports         NaN       0.462157 -0.041093 -0.085728  0.975162  1.000000   \n",
       "homicide        NaN      -0.502563 -0.043757 -0.081821 -0.188061 -0.176333   \n",
       "migrants        NaN       0.578172 -0.102528  0.045583  0.356643  0.349731   \n",
       "GDP             NaN       0.414418 -0.046587 -0.080717  0.893041  0.853195   \n",
       "PPP             NaN       0.836337 -0.053670 -0.053968  0.430063  0.438320   \n",
       "tourexp         NaN       0.487261 -0.081185 -0.033591  0.864155  0.793808   \n",
       "tvarrival       NaN       0.385972 -0.065935 -0.013509  0.727533  0.635609   \n",
       "education       NaN      -0.469857  0.096576 -0.163888 -0.228509 -0.216214   \n",
       "Manufacturing   NaN      -0.283020 -0.035855 -0.086743 -0.211489 -0.162209   \n",
       "\n",
       "               homicide  migrants       GDP       PPP   tourexp  tvarrival  \\\n",
       "Year                NaN       NaN       NaN       NaN       NaN        NaN   \n",
       "internetusage -0.502563  0.578172  0.414418  0.836337  0.487261   0.385972   \n",
       "CPIG          -0.043757 -0.102528 -0.046587 -0.053670 -0.081185  -0.065935   \n",
       "CPIF          -0.081821  0.045583 -0.080717 -0.053968 -0.033591  -0.013509   \n",
       "Imports       -0.188061  0.356643  0.893041  0.430063  0.864155   0.727533   \n",
       "Exports       -0.176333  0.349731  0.853195  0.438320  0.793808   0.635609   \n",
       "homicide       1.000000 -0.418332 -0.051735 -0.432122 -0.259849  -0.198114   \n",
       "migrants      -0.418332  1.000000  0.156274  0.640256  0.386103   0.207834   \n",
       "GDP           -0.051735  0.156274  1.000000  0.404330  0.819502   0.718450   \n",
       "PPP           -0.432122  0.640256  0.404330  1.000000  0.467157   0.328734   \n",
       "tourexp       -0.259849  0.386103  0.819502  0.467157  1.000000   0.897672   \n",
       "tvarrival     -0.198114  0.207834  0.718450  0.328734  0.897672   1.000000   \n",
       "education      0.342986 -0.090550 -0.282496 -0.274206 -0.280552  -0.265628   \n",
       "Manufacturing  0.043950 -0.134870 -0.257085 -0.216464 -0.306753  -0.318968   \n",
       "\n",
       "               education  Manufacturing  \n",
       "Year                 NaN            NaN  \n",
       "internetusage  -0.469857      -0.283020  \n",
       "CPIG            0.096576      -0.035855  \n",
       "CPIF           -0.163888      -0.086743  \n",
       "Imports        -0.228509      -0.211489  \n",
       "Exports        -0.216214      -0.162209  \n",
       "homicide        0.342986       0.043950  \n",
       "migrants       -0.090550      -0.134870  \n",
       "GDP            -0.282496      -0.257085  \n",
       "PPP            -0.274206      -0.216464  \n",
       "tourexp        -0.280552      -0.306753  \n",
       "tvarrival      -0.265628      -0.318968  \n",
       "education       1.000000       0.150901  \n",
       "Manufacturing   0.150901       1.000000  "
      ]
     },
     "execution_count": 15,
     "metadata": {},
     "output_type": "execute_result"
    }
   ],
   "source": [
    "import zipfile\n",
    "import numpy as np\n",
    "import pylab as plt\n",
    "import pandas as pd\n",
    "\n",
    "from glob import glob\n",
    "\n",
    "DF = pd.read_csv('UN_cleaned.csv')\n",
    "DF=DF.set_index('Unnamed: 0')\n",
    "\n",
    "DFcorr=DF.corr(method='pearson')\n",
    "DFcorr"
   ]
  },
  {
   "cell_type": "code",
   "execution_count": null,
   "metadata": {},
   "outputs": [],
   "source": []
  }
 ],
 "metadata": {
  "kernelspec": {
   "display_name": "Python 3",
   "language": "python",
   "name": "python3"
  },
  "language_info": {
   "codemirror_mode": {
    "name": "ipython",
    "version": 3
   },
   "file_extension": ".py",
   "mimetype": "text/x-python",
   "name": "python",
   "nbconvert_exporter": "python",
   "pygments_lexer": "ipython3",
   "version": "3.6.8"
  }
 },
 "nbformat": 4,
 "nbformat_minor": 2
}
